256
256
256
255
255
254
253
252
251
249
248
246
244
242
240
238
235
233
230
227
225
221
218
215
212
208
204
200
197
192
188
184
180
175
170
166
161
156
151
146
141
136
130
125
119
114
108
102
97
91
85
79
73
67
61
55
49
43
37
31
24
18
12
6
-1
-8
-14
-20
-26
-32
-38
-45
-51
-57
-63
-69
-75
-81
-86
-92
-98
-104
-109
-115
-120
-126
-131
-136
-142
-147
-152
-157
-161
-166
-171
-175
-180
-184
-188
-192
-196
-200
-204
-208
-211
-214
-218
-221
-224
-227
-229
-232
-234
-237
-239
-241
-243
-244
-246
-247
-249
-250
-251
-252
-252
-253
-253
-254
0
-7
-13
-20
-26
-32
-38
-45
-51
-57
-63
-69
-75
-81
-87
-93
-98
-104
-110
-116
-121
-126
-132
-137
-142
-147
-153
-157
-162
-167
-172
-176
-181
-185
-189
-193
-197
-201
-205
-209
-212
-215
-219
-222
-225
-228
-230
-233
-235
-238
-240
-242
-244
-245
-247
-248
-249
-251
-252
-252
-253
-253
-254
-254
-254
-254
-254
-253
-253
-252
-251
-250
-249
-248
-246
-245
-243
-241
-239
-237
-235
-232
-230
-227
-224
-221
-218
-215
-211
-208
-204
-200
-196
-192
-188
-184
-180
-175
-171
-166
-162
-157
-152
-147
-142
-137
-131
-126
-121
-115
-110
-104
-98
-93
-87
-81
-75
-69
-63
-57
-51
-45
-39
-33
-27
-21
-15
-9
0
0
0
0
0
0
0
0
0
0
0
0
0
0
0
0
0
0
0
0
0
0
0
0
0
0
0
0
0
0
0
0
0
0
0
0
0
0
0
0
0
0
0
0
0
0
0
0
0
0
0
0
0
0
0
0
0
0
0
0
0
0
0
0
0
0
0
0
0
0
0
0
0
0
0
0
0
0
0
0
0
0
0
0
0
0
0
0
0
0
0
0
0
0
0
0
0
0
0
0
0
0
0
0
0
0
0
0
0
0
0
0
0
0
0
0
0
0
0
0
0
0
0
0
0
0
0
0
0
0
0
0
0
0
0
0
0
0
0
0
0
0
0
0
0
0
0
0
0
0
0
0
0
0
0
0
0
0
0
0
0
0
0
0
0
0
0
0
0
0
0
0
0
0
0
0
0
0
0
0
0
0
0
0
0
0
0
0
0
0
0
0
0
0
0
0
0
0
0
0
0
0
0
0
0
0
0
0
0
0
0
0
0
0
0
0
0
0
0
0
0
0
0
0
0
0
0
0
0
0
0
0
0
0
0
0
0
0
0
0
0
0
0
0
0
0
0
0
0
0
0
0
0
0
0
0
