256
256
256
255
255
254
253
252
251
249
248
246
244
242
240
238
236
233
231
228
225
222
219
215
212
208
205
201
197
193
189
184
180
176
171
166
162
157
152
147
142
136
131
126
120
115
109
104
98
92
86
81
75
69
63
57
51
45
39
33
26
20
14
8
2
-5
-11
-17
-24
-30
-36
-42
-48
-54
-60
-66
-72
-77
-83
-89
-95
-100
-106
-111
-117
-122
-127
-133
-138
-143
-148
-153
-157
-162
-167
-171
-176
-180
-184
-188
-192
-196
-199
-203
-206
-210
-213
-216
-219
-222
-224
-227
-229
-232
-234
-236
-238
-239
-241
-242
-243
-245
-246
-246
-247
-248
-248
-248
0
6
12
19
25
31
37
43
49
55
61
67
73
79
85
91
97
102
108
114
119
124
130
135
140
145
150
155
160
165
169
174
178
182
187
191
195
198
202
206
209
212
216
219
222
224
227
230
232
234
236
238
240
242
243
245
246
247
248
249
249
250
250
250
250
250
250
250
249
248
247
246
245
244
243
241
239
237
235
233
231
229
226
223
220
218
214
211
208
204
201
197
193
189
185
181
177
172
168
163
159
154
149
144
139
134
129
123
118
113
107
102
96
90
85
79
73
67
61
55
50
44
38
32
25
19
13
7
0
0
0
0
0
0
0
0
0
0
0
0
0
0
0
0
0
0
0
0
0
0
0
0
0
0
0
0
0
0
0
0
0
0
0
0
0
0
0
0
0
0
0
0
0
0
0
0
0
0
0
0
0
0
0
0
0
0
0
0
0
0
0
0
0
0
0
0
0
0
0
0
0
0
0
0
0
0
0
0
0
0
0
0
0
0
0
0
0
0
0
0
0
0
0
0
0
0
0
0
0
0
0
0
0
0
0
0
0
0
0
0
0
0
0
0
0
0
0
0
0
0
0
0
0
0
0
0
0
0
0
0
0
0
0
0
0
0
0
0
0
0
0
0
0
0
0
0
0
0
0
0
0
0
0
0
0
0
0
0
0
0
0
0
0
0
0
0
0
0
0
0
0
0
0
0
0
0
0
0
0
0
0
0
0
0
0
0
0
0
0
0
0
0
0
0
0
0
0
0
0
0
0
0
0
0
0
0
0
0
0
0
0
0
0
0
0
0
0
0
0
0
0
0
0
0
0
0
0
0
0
0
0
0
0
0
0
0
0
0
0
0
0
0
0
0
0
0
0
0
0
0
0
0
0
0
