256
256
255
253
251
248
245
241
236
231
226
220
213
206
198
190
181
172
163
153
143
132
121
110
98
87
75
63
51
38
26
13
1
-13
-25
-38
-50
-62
-74
-86
-98
-110
-121
-132
-142
-153
-163
-172
-181
-190
-198
-206
-213
-220
-226
-232
-237
-242
-246
-250
-252
-255
-256
-258
0
-13
-26
-38
-51
-63
-75
-87
-99
-110
-121
-132
-143
-153
-163
-172
-181
-190
-198
-206
-213
-220
-226
-232
-237
-242
-246
-249
-252
-254
-256
-257
-257
-257
-256
-254
-252
-250
-246
-243
-238
-233
-228
-221
-215
-208
-200
-192
-183
-174
-165
-155
-145
-134
-124
-112
-101
-89
-78
-66
-53
-41
-29
-16
0
0
0
0
0
0
0
0
0
0
0
0
0
0
0
0
0
0
0
0
0
0
0
0
0
0
0
0
0
0
0
0
0
0
0
0
0
0
0
0
0
0
0
0
0
0
0
0
0
0
0
0
0
0
0
0
0
0
0
0
0
0
0
0
0
0
0
0
0
0
0
0
0
0
0
0
0
0
0
0
0
0
0
0
0
0
0
0
0
0
0
0
0
0
0
0
0
0
0
0
0
0
0
0
0
0
0
0
0
0
0
0
0
0
0
0
0
0
0
0
0
0
0
0
0
0
0
0
0
0
0
0
0
0
0
0
0
0
0
0
0
0
0
0
0
0
0
0
0
0
0
0
0
0
0
0
0
0
0
0
0
0
0
0
0
0
0
0
0
0
0
0
0
0
0
0
0
0
0
0
0
0
0
0
0
0
0
0
0
0
0
0
0
0
0
0
0
0
0
0
0
0
0
0
0
0
0
0
0
0
0
0
0
0
0
0
0
0
0
0
0
0
0
0
0
0
0
0
0
0
0
0
0
0
0
0
0
0
0
0
0
0
0
0
0
0
0
0
0
0
0
0
0
0
0
0
0
0
0
0
0
0
0
0
0
0
0
0
0
0
0
0
0
0
0
0
0
0
0
0
0
0
0
0
0
0
0
0
0
0
0
0
0
0
0
0
0
0
0
0
0
0
0
0
0
0
0
0
0
0
0
0
0
0
0
0
0
0
0
0
0
0
0
0
0
0
0
0
0
0
0
0
0
0
0
0
0
0
0
0
0
0
0
0
0
0
0
0
0
0
0
0
0
0
0
0
0
0
0
0
0
0
0
0
0
0
0
0
0
0
0
0
0
0
0
0
0
0
0
0
0
0
0
0
