0 -314 1 0
2 -305 3 0
4 -295 5 0
6 -285 7 0
8 -274 9 0
10 -263 11 0
12 -251 13 0
14 -239 15 0
16 -226 17 0
18 -213 19 0
20 -199 21 0
22 -185 23 0
24 -170 25 0
26 -155 27 0
28 -139 29 0
30 -123 31 0
32 -106 33 0
34 -89 35 0
36 -71 37 0
38 -53 39 0
40 -34 41 0
42 -15 43 0
44 5 45 0
46 25 47 0
48 46 49 0
50 67 51 0
52 89 53 0
54 111 55 0
56 134 57 0
58 157 59 0
60 181 61 0
62 205 63 0
64 230 65 0
66 255 67 0
68 281 69 0
70 307 71 0
72 334 73 0
74 361 75 0
76 389 77 0
78 417 79 0
80 446 81 0
82 475 83 0
84 505 85 0
86 535 87 0
88 566 89 0
90 597 91 0
92 629 93 0
94 661 95 0
96 694 97 0
98 727 99 0
100 761 101 0
102 795 103 0
104 830 105 0
106 865 107 0
108 901 109 0
110 937 111 0
112 974 113 0
114 1011 115 0
116 1049 117 0
118 1087 119 0
120 1126 121 0
122 1165 123 0
124 1205 125 0
126 1245 127 0
128 1286 129 0
130 1327 131 0
132 1369 133 0
134 1411 135 0
136 1454 137 0
138 1497 139 0
140 1541 141 0
142 1585 143 0
144 1630 145 0
146 1675 147 0
148 1721 149 0
150 1767 151 0
152 1814 153 0
154 1861 155 0
156 1909 157 0
158 1957 159 0
160 2006 161 0
162 2055 163 0
164 2105 165 0
166 2155 167 0
168 2206 169 0
170 2257 171 0
172 2309 173 0
174 2361 175 0
176 2414 177 0
178 2467 179 0
180 2521 181 0
182 2575 183 0
184 2630 185 0
186 2685 187 0
188 2741 189 0
190 2797 191 0
192 2854 193 0
194 2911 195 0
196 2969 197 0
198 3027 199 0
200 3086 201 0
202 3145 203 0
204 3205 205 0
206 3265 207 0
208 3326 209 0
210 3387 211 0
212 3449 213 0
214 3511 215 0
216 3574 217 0
218 3637 219 0
220 3701 221 0
222 3765 223 0
224 3830 225 0
226 3895 227 0
228 3961 229 0
230 4027 231 0
232 4094 233 0
234 4161 235 0
236 4229 237 0
238 4297 239 0
240 4366 241 0
242 4435 243 0
244 4505 245 0
246 4575 247 0
248 4646 249 0
250 4717 251 0
252 4789 253 0
254 4861 255 0
256 4934 257 0
258 5007 259 0
260 5081 261 0
262 5155 263 0
264 5230 265 0
266 5305 267 0
268 5381 269 0
270 5457 271 0
272 5534 273 0
274 5611 275 0
276 5689 277 0
278 5767 279 0
280 5846 281 0
282 5925 283 0
284 6005 285 0
286 6085 287 0
288 6166 289 0
290 6247 291 0
292 6329 293 0
294 6411 295 0
296 6494 297 0
298 6577 299 0
300 6661 301 0
302 6745 303 0
304 6830 305 0
306 6915 307 0
308 7001 309 0
310 7087 311 0
312 7174 313 0
314 7261 315 0
316 7349 317 0
318 7437 319 0
320 7526 321 0
322 7615 323 0
324 7705 325 0
326 7795 327 0
328 7886 329 0
330 7977 331 0
332 8069 333 0
334 8161 335 0
336 8254 337 0
338 8347 339 0
340 8441 341 0
342 8535 343 0
344 8630 345 0
346 8725 347 0
348 8821 349 0
350 8917 351 0
352 9014 353 0
354 9111 355 0
356 9209 357 0
358 9307 359 0
360 9406 361 0
362 9505 363 0
364 9605 365 0
366 9705 367 0
368 9806 369 0
370 9907 371 0
372 10009 373 0
374 10111 375 0
376 10214 377 0
378 10317 379 0
380 10421 381 0
382 10525 383 0
384 10630 385 0
386 10735 387 0
388 10841 389 0
390 10947 391 0
392 11054 393 0
394 11161 395 0
396 11269 397 0
398 11377 399 0
400 11486 401 0
402 11595 403 0
404 11705 405 0
406 11815 407 0
408 11926 409 0
410 12037 411 0
412 12149 413 0
414 12261 415 0
416 12374 417 0
418 12487 419 0
420 12601 421 0
422 12715 423 0
424 12830 425 0
426 12945 427 0
428 13061 429 0
430 13177 431 0
432 13294 433 0
434 13411 435 0
436 13529 437 0
438 13647 439 0
440 13766 441 0
442 13885 443 0
444 14005 445 0
446 14125 447 0
448 14246 449 0
450 14367 451 0
452 14489 453 0
454 14611 455 0
456 14734 457 0
458 14857 459 0
460 14981 461 0
462 15105 463 0
464 15230 465 0
466 15355 467 0
468 15481 469 0
470 15607 471 0
472 15734 473 0
474 15861 475 0
476 15989 477 0
478 16117 479 0
480 16246 481 0
482 16375 483 0
484 16505 485 0
486 16635 487 0
488 16766 489 0
490 16897 491 0
492 17029 493 0
494 17161 495 0
496 17294 497 0
498 17427 499 0
500 17561 501 0
502 17695 503 0
504 17830 505 0
506 17965 507 0
508 18101 509 0
510 18237 511 0
512 -321 513 0
514 -305 515 0
516 -300 517 0
518 -287 519 0
520 -277 521 0
522 -266 523 0
524 -251 525 0
526 -244 527 0
528 -224 529 0
530 -220 531 0
532 -195 533 0
534 -194 535 0
536 -163 537 0
538 -165 539 0
540 -130 541 0
542 -135 543 0
544 -94 545 0
546 -103 547 0
548 -56 549 0
550 -69 551 0
552 -16 553 0
554 -33 555 0
556 26 557 0
558 4 559 0
560 70 561 0
562 44 563 0
564 116 565 0
566 86 567 0
568 164 569 0
570 129 571 0
572 215 573 0
574 175 575 0
576 267 577 0
578 223 579 0
580 322 581 0
582 272 583 0
584 379 585 0
586 323 587 0
588 437 589 0
590 377 591 0
592 498 593 0
594 432 595 0
596 561 597 0
598 489 599 0
600 626 601 0
602 549 603 0
604 694 605 0
606 610 607 0
608 763 609 0
610 673 611 0
612 834 613 0
614 738 615 0
616 908 617 0
618 805 619 0
620 983 621 0
622 873 623 0
624 1061 625 0
626 944 627 0
628 1141 629 0
630 1017 631 0
632 1223 633 0
634 1092 635 0
636 1307 637 0
638 1168 639 0
640 1393 641 0
642 1247 643 0
644 1481 645 0
646 1327 647 0
648 1571 649 0
650 1410 651 0
652 1664 653 0
654 1494 655 0
656 1758 657 0
658 1581 659 0
660 1855 661 0
662 1669 663 0
664 1954 665 0
666 1759 667 0
668 2054 669 0
670 1851 671 0
672 2157 673 0
674 1945 675 0
676 2262 677 0
678 2041 679 0
680 2369 681 0
682 2139 683 0
684 2479 685 0
686 2239 687 0
688 2590 689 0
690 2341 691 0
692 2703 693 0
694 2445 695 0
696 2819 697 0
698 2551 699 0
700 2936 701 0
702 2996 703 0
704 2713 705 0
706 3117 707 0
708 2823 709 0
710 3240 711 0
712 2936 713 0
714 3365 715 0
716 3050 717 0
718 3492 719 0
720 3167 721 0
722 3621 723 0
724 3285 725 0
726 3752 727 0
728 3405 729 0
730 3886 731 0
732 3527 733 0
734 4021 735 0
736 3652 737 0
738 4159 739 0
740 3778 741 0
742 4298 743 0
744 3906 745 0
746 4440 747 0
748 4036 749 0
750 4584 751 0
752 4168 753 0
754 4730 755 0
756 4301 757 0
758 4878 759 0
760 4437 761 0
762 5028 763 0
764 4575 765 0
766 5180 767 0
768 4715 769 0
770 5335 771 0
772 4856 773 0
774 5491 775 0
776 5000 777 0
778 5650 779 0
780 5145 781 0
782 5810 783 0
784 5293 785 0
786 5973 787 0
788 5442 789 0
790 6138 791 0
792 5593 793 0
794 6305 795 0
796 5747 797 0
798 6474 799 0
800 5902 801 0
802 6645 803 0
804 6059 805 0
806 6818 807 0
808 6218 809 0
810 6994 811 0
812 6379 813 0
814 7171 815 0
816 6542 817 0
818 7351 819 0
820 6707 821 0
822 7532 823 0
824 6874 825 0
826 7716 827 0
828 7043 829 0
830 7902 831 0
832 7213 833 0
834 8090 835 0
836 7386 837 0
838 8280 839 0
840 7561 841 0
842 8472 843 0
844 7737 845 0
846 8666 847 0
848 7916 849 0
850 8863 851 0
852 8096 853 0
854 9061 855 0
856 8278 857 0
858 9262 859 0
860 8463 861 0
862 9464 863 0
864 8649 865 0
866 9669 867 0
868 8837 869 0
870 9876 871 0
872 9027 873 0
874 10085 875 0
876 9219 877 0
878 10296 879 0
880 9413 881 0
882 10509 883 0
884 9609 885 0
886 10724 887 0
888 9807 889 0
890 10942 891 0
892 10007 893 0
894 11161 895 0
896 10209 897 0
898 11383 899 0
900 10412 901 0
902 11606 903 0
904 10618 905 0
906 11832 907 0
908 10826 909 0
910 12060 911 0
912 11035 913 0
914 12290 915 0
916 11247 917 0
918 12522 919 0
920 11460 921 0
922 12756 923 0
924 11675 925 0
926 12992 927 0
928 11893 929 0
930 13231 931 0
932 12112 933 0
934 13471 935 0
936 12333 937 0
938 13714 939 0
940 12556 941 0
942 13958 943 0
944 12781 945 0
946 14205 947 0
948 13008 949 0
950 14454 951 0
952 13237 953 0
954 14705 955 0
956 14831 957 0
958 13584 959 0
960 15085 961 0
962 13818 963 0
964 15341 965 0
966 14054 967 0
968 15599 969 0
970 14291 971 0
972 15860 973 0
974 14531 975 0
976 16122 977 0
978 14773 979 0
980 16387 981 0
982 15016 983 0
984 16654 985 0
986 15261 987 0
988 16922 989 0
990 15509 991 0
992 17193 993 0
994 15758 995 0
996 17466 997 0
998 16009 999 0
1000 17741 1001 0
1002 16263 1003 0
1004 18019 1005 0
1006 16518 1007 0
1008 18298 1009 0
1010 16775 1011 0
1012 18579 1013 0
1014 17034 1015 0
1016 18863 1017 0
1018 17295 1019 0
1020 19148 1021 0
1022 17557 1023 0
0 4242 1 0
2 4277 3 0
4 4305 5 0
6 4326 7 0
8 4340 9 0
10 4347 11 0
12 4347 13 0
14 4340 15 0
16 4327 17 0
18 4307 19 0
20 4281 21 0
22 4248 23 0
24 4209 25 0
26 4164 27 0
28 4113 29 0
30 4057 31 0
32 3995 33 0
34 3928 35 0
36 3856 37 0
38 3779 39 0
40 3698 41 0
42 3613 43 0
44 3523 45 0
46 3430 47 0
48 3333 49 0
50 3233 51 0
52 3130 53 0
54 3025 55 0
56 2917 57 0
58 2807 59 0
60 2696 61 0
62 2583 63 0
64 2469 65 0
66 2354 67 0
68 2239 69 0
70 2124 71 0
72 2009 73 0
74 1895 75 0
76 1781 77 0
78 1669 79 0
80 1558 81 0
82 1450 83 0
84 1343 85 0
86 1238 87 0
88 1137 89 0
90 1038 91 0
92 943 93 0
94 852 95 0
96 764 97 0
98 681 99 0
100 602 101 0
102 527 103 0
104 458 105 0
106 394 107 0
108 335 109 0
110 282 111 0
112 235 113 0
114 194 115 0
116 160 117 0
118 131 119 0
120 110 121 0
122 95 123 0
124 87 125 0
126 86 127 0
128 92 129 0
130 105 131 0
132 126 133 0
134 154 135 0
136 189 137 0
138 232 139 0
140 283 141 0
142 341 143 0
144 407 145 0
146 480 147 0
148 560 149 0
150 648 151 0
152 744 153 0
154 847 155 0
156 957 157 0
158 1074 159 0
160 1198 161 0
162 1329 163 0
164 1467 165 0
166 1612 167 0
168 1763 169 0
170 1920 171 0
172 2084 173 0
174 2253 175 0
176 2428 177 0
178 2608 179 0
180 2794 181 0
182 2984 183 0
184 3180 185 0
186 3379 187 0
188 3583 189 0
190 3791 191 0
192 4002 193 0
194 4217 195 0
196 4434 197 0
198 4655 199 0
200 4877 201 0
202 5102 203 0
204 5329 205 0
206 5556 207 0
208 5785 209 0
210 6015 211 0
212 6245 213 0
214 6475 215 0
216 6705 217 0
218 6934 219 0
220 7162 221 0
222 7389 223 0
224 7614 225 0
226 7837 227 0
228 8058 229 0
230 8276 231 0
232 8491 233 0
234 8703 235 0
236 8911 237 0
238 9115 239 0
240 9315 241 0
242 9511 243 0
244 9701 245 0
246 9887 247 0
248 10067 249 0
250 10241 251 0
252 10410 253 0
254 10572 255 0
256 10728 257 0
258 10878 259 0
260 11020 261 0
262 11156 263 0
264 11284 265 0
266 11405 267 0
268 11518 269 0
270 11624 271 0
272 11722 273 0
274 11812 275 0
276 11893 277 0
278 11967 279 0
280 12032 281 0
282 12089 283 0
284 12137 285 0
286 12177 287 0
288 12209 289 0
290 12232 291 0
292 12247 293 0
294 12253 295 0
296 12251 297 0
298 12240 299 0
300 12221 301 0
302 12193 303 0
304 12158 305 0
306 12114 307 0
308 12063 309 0
310 12003 311 0
312 11936 313 0
314 11861 315 0
316 11779 317 0
318 11689 319 0
320 11593 321 0
322 11490 323 0
324 11380 325 0
326 11263 327 0
328 11141 329 0
330 11012 331 0
332 10878 333 0
334 10738 335 0
336 10593 337 0
338 10443 339 0
340 10289 341 0
342 10130 343 0
344 9967 345 0
346 9800 347 0
348 9630 349 0
350 9456 351 0
352 9280 353 0
354 9101 355 0
356 8920 357 0
358 8737 359 0
360 8553 361 0
362 8367 363 0
364 8180 365 0
366 7992 367 0
368 7804 369 0
370 7616 371 0
372 7428 373 0
374 7241 375 0
376 7055 377 0
378 6870 379 0
380 6686 381 0
382 6505 383 0
384 6325 385 0
386 6147 387 0
388 5972 389 0
390 5800 391 0
392 5631 393 0
394 5465 395 0
396 5303 397 0
398 5145 399 0
400 4991 401 0
402 4840 403 0
404 4695 405 0
406 4554 407 0
408 4417 409 0
410 4286 411 0
412 4159 413 0
414 4038 415 0
416 3922 417 0
418 3812 419 0
420 3707 421 0
422 3607 423 0
424 3513 425 0
426 3425 427 0
428 3343 429 0
430 3266 431 0
432 3196 433 0
434 3131 435 0
436 3071 437 0
438 3018 439 0
440 2970 441 0
442 2928 443 0
444 2891 445 0
446 2860 447 0
448 2834 449 0
450 2813 451 0
452 2798 453 0
454 2787 455 0
456 2782 457 0
458 2781 459 0
460 2784 461 0
462 2792 463 0
464 2804 465 0
466 2819 467 0
468 2839 469 0
470 2862 471 0
472 2888 473 0
474 2916 475 0
476 2948 477 0
478 2982 479 0
480 3018 481 0
482 3056 483 0
484 3096 485 0
486 3136 487 0
488 3178 489 0
490 3220 491 0
492 3263 493 0
494 3306 495 0
496 3348 497 0
498 3390 499 0
500 3431 501 0
502 3470 503 0
504 3508 505 0
506 3544 507 0
508 3578 509 0
510 3609 511 0
512 1826 513 0
514 1937 515 0
516 2046 517 0
518 2153 519 0
520 2257 521 0
522 2359 523 0
524 2457 525 0
526 2551 527 0
528 2642 529 0
530 2729 531 0
532 2812 533 0
534 2890 535 0
536 2963 537 0
538 3031 539 0
540 3094 541 0
542 3152 543 0
544 3203 545 0
546 3249 547 0
548 3288 549 0
550 3321 551 0
552 3348 553 0
554 3367 555 0
556 3380 557 0
558 3386 559 0
560 3385 561 0
562 3377 563 0
564 3361 565 0
566 3338 567 0
568 3308 569 0
570 3270 571 0
572 3224 573 0
574 3171 575 0
576 3110 577 0
578 3041 579 0
580 2965 581 0
582 2882 583 0
584 2791 585 0
586 2692 587 0
588 2586 589 0
590 2473 591 0
592 2352 593 0
594 2225 595 0
596 2090 597 0
598 1949 599 0
600 1801 601 0
602 1646 603 0
604 1485 605 0
606 1318 607 0
608 1146 609 0
610 967 611 0
612 783 613 0
614 593 615 0
616 399 617 0
618 200 619 0
620 -4 621 0
622 -212 623 0
624 -424 625 0
626 -640 627 0
628 -859 629 0
630 -1081 631 0
632 -1305 633 0
634 -1532 635 0
636 -1762 637 0
638 -1993 639 0
640 -2225 641 0
642 -2459 643 0
644 -2694 645 0
646 -2929 647 0
648 -3164 649 0
650 -3399 651 0
652 -3633 653 0
654 -3866 655 0
656 -4099 657 0
658 -4329 659 0
660 -4558 661 0
662 -4785 663 0
664 -5009 665 0
666 -5230 667 0
668 -5448 669 0
670 -5663 671 0
672 -5874 673 0
674 -6081 675 0
676 -6283 677 0
678 -6481 679 0
680 -6673 681 0
682 -6861 683 0
684 -7043 685 0
686 -7220 687 0
688 -7390 689 0
690 -7555 691 0
692 -7712 693 0
694 -7864 695 0
696 -8009 697 0
698 -8146 699 0
700 -8277 701 0
702 -8400 703 0
704 -8516 705 0
706 -8624 707 0
708 -8725 709 0
710 -8817 711 0
712 -8902 713 0
714 -8979 715 0
716 -9048 717 0
718 -9109 719 0
720 -9162 721 0
722 -9207 723 0
724 -9243 725 0
726 -9272 727 0
728 -9293 729 0
730 -9305 731 0
732 -9309 733 0
734 -9306 735 0
736 -9295 737 0
738 -9276 739 0
740 -9249 741 0
742 -9215 743 0
744 -9173 745 0
746 -9125 747 0
748 -9069 749 0
750 -9006 751 0
752 -8936 753 0
754 -8861 755 0
756 -8778 757 0
758 -8690 759 0
760 -8596 761 0
762 -8496 763 0
764 -8391 765 0
766 -8280 767 0
768 -8165 769 0
770 -8045 771 0
772 -7921 773 0
774 -7793 775 0
776 -7661 777 0
778 -7526 779 0
780 -7388 781 0
782 -7246 783 0
784 -7103 785 0
786 -6957 787 0
788 -6809 789 0
790 -6660 791 0
792 -6509 793 0
794 -6358 795 0
796 -6206 797 0
798 -6053 799 0
800 -5901 801 0
802 -5749 803 0
804 -5598 805 0
806 -5448 807 0
808 -5299 809 0
810 -5152 811 0
812 -5007 813 0
814 -4864 815 0
816 -4724 817 0
818 -4586 819 0
820 -4452 821 0
822 -4321 823 0
824 -4194 825 0
826 -4070 827 0
828 -3951 829 0
830 -3836 831 0
832 -3726 833 0
834 -3620 835 0
836 -3520 837 0
838 -3425 839 0
840 -3335 841 0
842 -3251 843 0
844 -3173 845 0
846 -3100 847 0
848 -3034 849 0
850 -2974 851 0
852 -2920 853 0
854 -2873 855 0
856 -2832 857 0
858 -2797 859 0
860 -2769 861 0
862 -2748 863 0
864 -2733 865 0
866 -2726 867 0
868 -2724 869 0
870 -2730 871 0
872 -2742 873 0
874 -2761 875 0
876 -2786 877 0
878 -2818 879 0
880 -2856 881 0
882 -2900 883 0
884 -2950 885 0
886 -3007 887 0
888 -3070 889 0
890 -3138 891 0
892 -3212 893 0
894 -3291 895 0
896 -3375 897 0
898 -3465 899 0
900 -3559 901 0
902 -3658 903 0
904 -3761 905 0
906 -3869 907 0
908 -3980 909 0
910 -4095 911 0
912 -4213 913 0
914 -4335 915 0
916 -4459 917 0
918 -4585 919 0
920 -4714 921 0
922 -4845 923 0
924 -4977 925 0
926 -5111 927 0
928 -5246 929 0
930 -5381 931 0
932 -5517 933 0
934 -5653 935 0
936 -5788 937 0
938 -5923 939 0
940 -6056 941 0
942 -6189 943 0
944 -6320 945 0
946 -6449 947 0
948 -6576 949 0
950 -6700 951 0
952 -6821 953 0
954 -6939 955 0
956 -7054 957 0
958 -7164 959 0
960 -7271 961 0
962 -7373 963 0
964 -7471 965 0
966 -7564 967 0
968 -7651 969 0
970 -7733 971 0
972 -7810 973 0
974 -7880 975 0
976 -7944 977 0
978 -8002 979 0
980 -8053 981 0
982 -8097 983 0
984 -8135 985 0
986 -8165 987 0
988 -8188 989 0
990 -8203 991 0
992 -8211 993 0
994 -8211 995 0
996 -8203 997 0
998 -8187 999 0
1000 -8163 1001 0
1002 -8131 1003 0
1004 -8091 1005 0
1006 -8043 1007 0
1008 -7986 1009 0
1010 -7922 1011 0
1012 -7849 1013 0
1014 -7767 1015 0
1016 -7678 1017 0
1018 -7581 1019 0
1020 -7475 1021 0
1022 -7361 1023 0 